                 Generalized Linear Model Regression Results                  
==============================================================================
Dep. Variable:          Heart Disease   No. Observations:                  202
Model:                            GLM   Df Residuals:                      149
Model Family:                Binomial   Df Model:                           52
Link Function:                  Logit   Scale:                          1.0000
Method:                          IRLS   Log-Likelihood:                    nan
Date:                Thu, 26 May 2022   Deviance:                       2394.7
Time:                        12:17:08   Pearson chi2:                 1.17e+17
No. Iterations:                    47   Pseudo R-squ. (CS):                nan
Covariance Type:            nonrobust                                         
===========================================================================================
                              coef    std err          z      P>|z|      [0.025      0.975]
-------------------------------------------------------------------------------------------
const                   -7.402e+15   1.51e+08  -4.89e+07      0.000    -7.4e+15    -7.4e+15
Age                      5.366e+13   2.11e+06   2.54e+07      0.000    5.37e+13    5.37e+13
Sex                      5.526e+14   1.36e+07   4.06e+07      0.000    5.53e+14    5.53e+14
Chest pain type          3.064e+14   6.37e+06   4.81e+07      0.000    3.06e+14    3.06e+14
BP                       8.408e+12    3.2e+05   2.63e+07      0.000    8.41e+12    8.41e+12
Cholesterol              4.475e+12   1.07e+05   4.17e+07      0.000    4.47e+12    4.47e+12
FBS over 120            -1.366e+14   1.64e+07  -8.35e+06      0.000   -1.37e+14   -1.37e+14
EKG results              1.418e+14   5.55e+06   2.56e+07      0.000    1.42e+14    1.42e+14
Max HR                  -1.303e+13    2.9e+05  -4.49e+07      0.000    -1.3e+13    -1.3e+13
Exercise angina          6.057e+14   1.41e+07    4.3e+07      0.000    6.06e+14    6.06e+14
ST depression            1.969e+14   6.39e+06   3.08e+07      0.000    1.97e+14    1.97e+14
Slope of ST              1.065e+13   1.19e+07   8.98e+05      0.000    1.06e+13    1.06e+13
Number of vessels fluro  6.382e+14   6.35e+06   1.01e+08      0.000    6.38e+14    6.38e+14
Thallium                 1.542e+14   3.49e+06   4.41e+07      0.000    1.54e+14    1.54e+14
Age_34                    1.25e+14   7.48e+07   1.67e+06      0.000    1.25e+14    1.25e+14
Age_35                    2.27e+15    6.9e+07   3.29e+07      0.000    2.27e+15    2.27e+15
Age_37                  -2.852e+14   8.56e+07  -3.33e+06      0.000   -2.85e+14   -2.85e+14
Age_38                   6.832e+15   8.77e+07   7.79e+07      0.000    6.83e+15    6.83e+15
Age_39                     1.5e+13   8.37e+07   1.79e+05      0.000     1.5e+13     1.5e+13
Age_40                     3.9e+15   6.69e+07   5.83e+07      0.000     3.9e+15     3.9e+15
Age_41                   2.358e+15   5.31e+07   4.44e+07      0.000    2.36e+15    2.36e+15
Age_42                   1.133e+15   5.39e+07    2.1e+07      0.000    1.13e+15    1.13e+15
Age_43                   6.452e+14   5.36e+07    1.2e+07      0.000    6.45e+14    6.45e+14
Age_44                   1.498e+15   4.34e+07   3.45e+07      0.000     1.5e+15     1.5e+15
Age_45                   8.517e+14   4.36e+07   1.95e+07      0.000    8.52e+14    8.52e+14
Age_46                   1.813e+15   4.79e+07   3.78e+07      0.000    1.81e+15    1.81e+15
Age_47                   8.666e+14    4.7e+07   1.84e+07      0.000    8.67e+14    8.67e+14
Age_48                   2.446e+15   4.49e+07   5.45e+07      0.000    2.45e+15    2.45e+15
Age_49                   2.216e+15    4.8e+07   4.62e+07      0.000    2.22e+15    2.22e+15
Age_50                   1.973e+15   3.97e+07   4.98e+07      0.000    1.97e+15    1.97e+15
Age_51                    6.08e+14   3.29e+07   1.85e+07      0.000    6.08e+14    6.08e+14
Age_52                   6.986e+14    3.1e+07   2.26e+07      0.000    6.99e+14    6.99e+14
Age_53                   6.005e+14   3.45e+07   1.74e+07      0.000    6.01e+14    6.01e+14
Age_54                   1.004e+15   2.87e+07   3.49e+07      0.000       1e+15       1e+15
Age_55                   1.856e+15   3.28e+07   5.67e+07      0.000    1.86e+15    1.86e+15
Age_56                   1.665e+15   2.93e+07   5.68e+07      0.000    1.66e+15    1.66e+15
Age_57                   5.027e+14   2.42e+07   2.07e+07      0.000    5.03e+14    5.03e+14
Age_58                   1.528e+15   2.41e+07   6.35e+07      0.000    1.53e+15    1.53e+15
Age_59                    1.19e+15   2.32e+07   5.13e+07      0.000    1.19e+15    1.19e+15
Age_60                   1.817e+15   2.51e+07   7.24e+07      0.000    1.82e+15    1.82e+15
Age_61                   9.372e+14   2.82e+07   3.32e+07      0.000    9.37e+14    9.37e+14
Age_62                   -7.24e+14   2.73e+07  -2.65e+07      0.000   -7.24e+14   -7.24e+14
Age_63                     1.5e+15   3.14e+07   4.77e+07      0.000     1.5e+15     1.5e+15
Age_64                  -7.177e+14   2.54e+07  -2.83e+07      0.000   -7.18e+14   -7.18e+14
Age_65                   4.257e+14   2.95e+07   1.44e+07      0.000    4.26e+14    4.26e+14
Age_66                     8.3e+13    3.2e+07   2.59e+06      0.000     8.3e+13     8.3e+13
Age_67                   5.349e+14   3.06e+07   1.75e+07      0.000    5.35e+14    5.35e+14
Age_68                  -4.476e+15   6.73e+07  -6.65e+07      0.000   -4.48e+15   -4.48e+15
Age_69                  -4.893e+14   5.06e+07  -9.67e+06      0.000   -4.89e+14   -4.89e+14
Age_70                  -5.087e+14   4.31e+07  -1.18e+07      0.000   -5.09e+14   -5.09e+14
Age_71                  -2.008e+15   4.34e+07  -4.62e+07      0.000   -2.01e+15   -2.01e+15
Age_74                  -4.427e+15   7.19e+07  -6.16e+07      0.000   -4.43e+15   -4.43e+15
Age_76                  -3.531e+15   7.13e+07  -4.96e+07      0.000   -3.53e+15   -3.53e+15
Age_77                   2.347e+15   7.42e+07   3.16e+07      0.000    2.35e+15    2.35e+15
===========================================================================================
